169
162
178
167
122
122
141
131
137
153
157
138
106
141
109
163
152
141
155
184
124
115
106
106
195
141
106
126
166
105
101
133
122
188
114
174
170
143
182
168
188
121
130
199
166
106
150
133
135
199
181
175
137
175
127
120
137
158
115
133
153
168
163
107
178
167
183
159
197
176
171
139
180
113
197
157
141
114
143
137
186
117
103
104
159
138
160
100
105
170
149
136
151
175
172
152
117
124
134
195
185
127
179
100
101
158
159
108
114
114
129
144
167
102
145
142
155
180
189
111
127
164
176
116
196
173
117
155
153
103
156
100
172
119
192
128
111
104
138
191
148
140
148
112
108
119
165
141
109
149
160
138
199
112
156
174
106
158
171
114
130
179
109
101
105
133
115
135
191
174
132
119
169
132
112
198
120
191
103
109
123
153
134
134
198
167
135
108
172
166
159
196
161
108
124
103
125
195
152
158
118
111
